p_1 = -1136.16 + 1374.31j
p_2 = -1136.16 - 1374.31j
p_3 = -133.34 + 939.50j
p_4 = -133.34 - 939.50j


A = (0.8911*p_1^3)/((p_1-p_2)*(p_1-p_3)*(p_1-p_4))
B = (0.8911*p_2^3)/((p_2-p_1)*(p_2-p_3)*(p_2-p_4))
C = (0.8911*p_3^3)/((p_3-p_1)*(p_3-p_2)*(p_3-p_4))
D = (0.8911*p_4^3)/((p_4-p_1)*(p_4-p_2)*(p_4-p_3))