p_1 = -1136.16 + 1374.31j
p_2 = -1136.16 - 1374.31j
p_3 = -133.34 + 939.50j
p_4 = -133.34 - 939.50j
p_5 = 895.3j
p_6 = -895.3j

A = (797.8*p_1^4)/((p_1-p_2)*(p_1-p_3)*(p_1-p_4)*(p_1-p_5)*(p_1-p_6))
B = (797.8*p_2^4)/((p_2-p_1)*(p_2-p_3)*(p_2-p_4)*(p_2-p_5)*(p_2-p_6))
C = (797.8*p_3^4)/((p_3-p_1)*(p_3-p_2)*(p_3-p_4)*(p_3-p_5)*(p_3-p_6))
D = (797.8*p_4^4)/((p_4-p_1)*(p_4-p_2)*(p_4-p_3)*(p_4-p_5)*(p_4-p_6))
E = (797.8*p_5^4)/((p_5-p_1)*(p_5-p_2)*(p_5-p_3)*(p_5-p_4)*(p_5-p_6))
F = (797.8*p_6^4)/((p_6-p_1)*(p_6-p_2)*(p_6-p_3)*(p_6-p_4)*(p_6-p_5))